SNP Chr BP Lung_Overall Small Squam Adeno CAD
rs7588285 2 3648186 0.0806562945 0.7922413885 NA 0.5582698435 0.3276987
rs13402561 2 3639921 0.0595299387 0.6289237511 0.1232317715 0.3001527068 0.3138846
rs4889294 16 81303759 0.0581490831 0.3822327239 NA 0.003699876 0.6566153
rs115242021 1 145389965 0.9623703 0.7014138669 0.6029863851 0.9759371861 0.515905
rs79186011 1 145503910 0.8389762 0.4112521235 0.3398758305 0.6370455684 0.4879085
rs185085918 NA NA NA NA NA NA NA
rs185637423 NA NA NA NA NA NA NA
rs181572669 NA NA NA NA NA NA NA
rs2255932 3 183210854 0.070084634 0.1032846473 0.0044493958 0.3868716507 0.6079619
rs1545747 15 66457317 0.3068199789 0.0483504456 0.7557950916 0.2867926671 0.5329869
rs74694425 15 66932935 0.299860636 0.5664157472 0.4688957644 0.5351508631 0.2900566
rs4786740 16 5675198 NA NA NA 0.4704015012 0.7125948
rs62015704 16 7467907 0.8261828446 0.1244386133 0.6652519788 0.6624775795 0.4970878
rs201997403 NA NA NA NA NA NA NA
rs184938669 NA NA NA NA NA NA NA
rs9898641 17 57571033 0.0223265644 0.682999794 0.8644078534 0.0024386555 0.3018863
rs1942793 18 71104371 0.412398834 0.7855522156 0.2151850994 0.6383732061 0.1930528
rs143319329 7 128139459 0.6297858101 0.826551374 0.4160314343 0.383465999 0.7957741
rs2149803 NA NA NA NA NA NA NA
rs6559536 NA NA NA NA NA NA NA
rs141211125 NA NA NA NA NA NA NA
rs183059183 NA NA NA NA NA NA NA
rs139079409 NA NA NA NA NA NA NA
rs188550518 NA NA NA NA NA NA NA
rs188572687 NA NA NA NA NA NA NA
rs6105735 20 17251370 NA 0.2255246129 0.0853358519 0.7912069961 0.0803814
